{
 "cells": [
  {
   "cell_type": "markdown",
   "metadata": {},
   "source": [
    "The problem that this code answers is described in Sutton and Barto pg 92. Essentially, the goal is to construct a Value matrix obtained through policy iteration on a 4 by 4 grid state space (positions (1,1) and (4,4) are absorbing states). The policy iteration function is given by: $V(s) = \\sum_a \\pi(s,a) \\sum_{s'} P_{ss'}^a [R_{ss'}^a + \\gamma V^{\\pi}(s')]$. It is important to note that there is a drawback: if policy evaluation is done iteratively then it can be concluded that exact convergence to the value matrix occurs in the limit. The question that then presents itself is: do we need to wait that long? And this is where value iteration comes in (ASIDE: value iteration is computationally more difficult since it deals with multiple nonlinear equations and multiple unknowns, whereas policy iteration deals with multiple LINEAR equation and multiple unknowns. This can all be moot point since the equations are solved using iterative solutions and not matrix algebra)."
   ]
  },
  {
   "cell_type": "code",
   "execution_count": 65,
   "metadata": {
    "collapsed": false
   },
   "outputs": [
    {
     "name": "stdout",
     "output_type": "stream",
     "text": [
      "1.8203125 [[ 0.   -0.75 -1.19 -1.3 ]\n",
      " [-0.75 -1.38 -1.64 -1.73]\n",
      " [-1.19 -1.64 -1.82 -1.64]\n",
      " [-1.3  -1.73 -1.64  0.  ]] 0\n",
      "1.57275390625 [[ 0.   -1.58 -2.43 -2.69]\n",
      " [-1.58 -2.61 -3.15 -3.3 ]\n",
      " [-2.43 -3.15 -3.39 -2.83]\n",
      " [-2.69 -3.3  -2.83  0.  ]] 1\n",
      "1.39788818359 [[ 0.   -2.4  -3.67 -4.09]\n",
      " [-2.4  -3.78 -4.53 -4.69]\n",
      " [-3.67 -4.53 -4.68 -3.8 ]\n",
      " [-4.09 -4.69 -3.8   0.  ]] 2\n",
      "1.34772109985 [[ 0.   -3.21 -4.87 -5.43]\n",
      " [-3.21 -4.87 -5.78 -5.93]\n",
      " [-4.87 -5.78 -5.79 -4.63]\n",
      " [-5.43 -5.93 -4.63  0.  ]] 3\n",
      "1.26940321922 [[ 0.   -3.99 -6.02 -6.7 ]\n",
      " [-3.99 -5.88 -6.91 -7.04]\n",
      " [-6.02 -6.91 -6.77 -5.36]\n",
      " [-6.7  -7.04 -5.36  0.  ]] 4\n",
      "1.1805472523 [[ 0.   -4.72 -7.09 -7.88]\n",
      " [-4.72 -6.81 -7.93 -8.05]\n",
      " [-7.09 -7.93 -7.64 -6.01]\n",
      " [-7.88 -8.05 -6.01  0.  ]] 5\n",
      "1.09041144606 [[ 0.   -5.41 -8.08 -8.97]\n",
      " [-5.41 -7.67 -8.86 -8.98]\n",
      " [-8.08 -8.86 -8.44 -6.61]\n",
      " [-8.97 -8.98 -6.61  0.  ]] 6\n",
      "1.00343448954 [[ 0.   -6.04 -8.99 -9.98]\n",
      " [-6.04 -8.45 -9.71 -9.82]\n",
      " [-8.99 -9.71 -9.16 -7.15]\n",
      " [-9.98 -9.82 -7.15  0.  ]] 7\n",
      "0.921543634755 [[  0.    -6.62  -9.82 -10.9 ]\n",
      " [ -6.62  -9.17 -10.49 -10.59]\n",
      " [ -9.82 -10.49  -9.82  -7.64]\n",
      " [-10.9  -10.59  -7.64   0.  ]] 8\n",
      "0.845413292817 [[  0.    -7.15 -10.59 -11.74]\n",
      " [ -7.15  -9.82 -11.21 -11.29]\n",
      " [-10.59 -11.21 -10.42  -8.09]\n",
      " [-11.74 -11.29  -8.09   0.  ]] 9\n",
      "0.775111838129 [[  0.    -7.64 -11.3  -12.52]\n",
      " [ -7.64 -10.42 -11.86 -11.94]\n",
      " [-11.3  -11.86 -10.97  -8.5 ]\n",
      " [-12.52 -11.94  -8.5    0.  ]] 10\n",
      "0.710426479663 [[  0.    -8.09 -11.94 -13.23]\n",
      " [ -8.09 -10.97 -12.46 -12.53]\n",
      " [-11.94 -12.46 -11.48  -8.88]\n",
      " [-13.23 -12.53  -8.88   0.  ]] 11\n",
      "0.651024424545 [[  0.    -8.5  -12.53 -13.88]\n",
      " [ -8.5  -11.48 -13.01 -13.07]\n",
      " [-12.53 -13.01 -11.94  -9.22]\n",
      " [-13.88 -13.07  -9.22   0.  ]] 12\n",
      "0.596531832582 [[  0.    -8.88 -13.07 -14.48]\n",
      " [ -8.88 -11.94 -13.51 -13.57]\n",
      " [-13.07 -13.51 -12.37  -9.54]\n",
      " [-14.48 -13.57  -9.54   0.  ]] 13\n",
      "0.546571721978 [[  0.    -9.22 -13.57 -15.02]\n",
      " [ -9.22 -12.37 -13.97 -14.03]\n",
      " [-13.57 -13.97 -12.75  -9.83]\n",
      " [-15.02 -14.03  -9.83   0.  ]] 14\n",
      "0.500781468359 [[  0.    -9.54 -14.03 -15.53]\n",
      " [ -9.54 -12.75 -14.39 -14.44]\n",
      " [-14.03 -14.39 -13.11 -10.1 ]\n",
      " [-15.53 -14.44 -10.1    0.  ]] 15\n",
      "0.458820219863 [[  0.    -9.83 -14.44 -15.98]\n",
      " [ -9.83 -13.11 -14.78 -14.82]\n",
      " [-14.44 -14.78 -13.44 -10.34]\n",
      " [-15.98 -14.82 -10.34   0.  ]] 16\n",
      "0.420371381686 [[  0.   -10.1  -14.82 -16.4 ]\n",
      " [-10.1  -13.44 -15.13 -15.17]\n",
      " [-14.82 -15.13 -13.73 -10.56]\n",
      " [-16.4  -15.17 -10.56   0.  ]] 17\n",
      "0.385142737783 [[  0.   -10.34 -15.17 -16.79]\n",
      " [-10.34 -13.73 -15.45 -15.5 ]\n",
      " [-15.17 -15.45 -14.01 -10.77]\n",
      " [-16.79 -15.5  -10.77   0.  ]] 18\n",
      "0.352865485036 [[  0.   -10.56 -15.5  -17.14]\n",
      " [-10.56 -14.01 -15.75 -15.79]\n",
      " [-15.5  -15.75 -14.26 -10.95]\n",
      " [-17.14 -15.79 -10.95   0.  ]] 19\n",
      "0.323292809718 [[  0.   -10.77 -15.79 -17.47]\n",
      " [-10.77 -14.26 -16.02 -16.06]\n",
      " [-15.79 -16.02 -14.49 -11.13]\n",
      " [-17.47 -16.06 -11.13   0.  ]] 20\n",
      "0.296198313916 [[  0.   -10.95 -16.06 -17.76]\n",
      " [-10.95 -14.49 -16.27 -16.3 ]\n",
      " [-16.06 -16.27 -14.7  -11.28]\n",
      " [-17.76 -16.3  -11.28   0.  ]] 21\n",
      "0.271374439178 [[  0.   -11.13 -16.3  -18.03]\n",
      " [-11.13 -14.7  -16.5  -16.53]\n",
      " [-16.3  -16.5  -14.89 -11.43]\n",
      " [-18.03 -16.53 -11.43   0.  ]] 22\n",
      "0.248630954932 [[  0.   -11.28 -16.53 -18.28]\n",
      " [-11.28 -14.89 -16.71 -16.74]\n",
      " [-16.53 -16.71 -15.07 -11.56]\n",
      " [-18.28 -16.74 -11.56   0.  ]] 23\n",
      "0.227793539926 [[  0.   -11.43 -16.74 -18.51]\n",
      " [-11.43 -15.07 -16.9  -16.93]\n",
      " [-16.74 -16.9  -15.23 -11.68]\n",
      " [-18.51 -16.93 -11.68   0.  ]] 24\n",
      "0.208702465717 [[  0.   -11.56 -16.93 -18.72]\n",
      " [-11.56 -15.23 -17.08 -17.1 ]\n",
      " [-16.93 -17.08 -15.38 -11.79]\n",
      " [-18.72 -17.1  -11.79   0.  ]] 25\n",
      "0.191211382091 [[  0.   -11.68 -17.1  -18.91]\n",
      " [-11.68 -15.38 -17.24 -17.26]\n",
      " [-17.1  -17.24 -15.51 -11.89]\n",
      " [-18.91 -17.26 -11.89   0.  ]] 26\n",
      "0.17518620005 [[  0.   -11.79 -17.26 -19.08]\n",
      " [-11.79 -15.51 -17.39 -17.41]\n",
      " [-17.26 -17.39 -15.64 -11.98]\n",
      " [-19.08 -17.41 -11.98   0.  ]] 27\n",
      "0.160504066325 [[  0.   -11.89 -17.41 -19.25]\n",
      " [-11.89 -15.64 -17.52 -17.54]\n",
      " [-17.41 -17.52 -15.75 -12.07]\n",
      " [-19.25 -17.54 -12.07   0.  ]] 28\n",
      "0.14705242277 [[  0.   -11.98 -17.54 -19.39]\n",
      " [-11.98 -15.75 -17.65 -17.66]\n",
      " [-17.54 -17.65 -15.86 -12.15]\n",
      " [-19.39 -17.66 -12.15   0.  ]] 29\n",
      "0.134728144075 [[  0.   -12.07 -17.66 -19.53]\n",
      " [-12.07 -15.86 -17.76 -17.77]\n",
      " [-17.66 -17.76 -15.95 -12.22]\n",
      " [-19.53 -17.77 -12.22   0.  ]] 30\n",
      "0.123436747465 [[  0.   -12.15 -17.77 -19.65]\n",
      " [-12.15 -15.95 -17.86 -17.88]\n",
      " [-17.77 -17.86 -16.04 -12.28]\n",
      " [-19.65 -17.88 -12.28   0.  ]] 31\n",
      "0.113091668519 [[  0.   -12.22 -17.88 -19.76]\n",
      " [-12.22 -16.04 -17.96 -17.97]\n",
      " [-17.88 -17.96 -16.12 -12.34]\n",
      " [-19.76 -17.97 -12.34   0.  ]] 32\n",
      "0.103613597607 [[  0.   -12.28 -17.97 -19.87]\n",
      " [-12.28 -16.12 -18.05 -18.06]\n",
      " [-17.97 -18.05 -16.2  -12.4 ]\n",
      " [-19.87 -18.06 -12.4    0.  ]] 33\n",
      "0.0949298719046 [[  0.   -12.34 -18.06 -19.96]\n",
      " [-12.34 -16.2  -18.13 -18.14]\n",
      " [-18.06 -18.13 -16.26 -12.45]\n",
      " [-19.96 -18.14 -12.45   0.  ]] 34\n",
      "0.0869739183515 [[  0.   -12.4  -18.14 -20.05]\n",
      " [-12.4  -16.26 -18.2  -18.21]\n",
      " [-18.14 -18.2  -16.32 -12.5 ]\n",
      " [-20.05 -18.21 -12.5    0.  ]] 35\n",
      "0.0796847432847 [[  0.   -12.45 -18.21 -20.13]\n",
      " [-12.45 -16.32 -18.27 -18.27]\n",
      " [-18.21 -18.27 -16.38 -12.54]\n",
      " [-20.13 -18.27 -12.54   0.  ]] 36\n",
      "0.0730064648391 [[  0.   -12.5  -18.27 -20.2 ]\n",
      " [-12.5  -16.38 -18.33 -18.34]\n",
      " [-18.27 -18.33 -16.43 -12.58]\n",
      " [-20.2  -18.34 -12.58   0.  ]] 37\n",
      "0.0668878845368 [[  0.   -12.54 -18.34 -20.27]\n",
      " [-12.54 -16.43 -18.38 -18.39]\n",
      " [-18.34 -18.38 -16.48 -12.61]\n",
      " [-20.27 -18.39 -12.61   0.  ]] 38\n",
      "0.0612820947789 [[  0.   -12.58 -18.39 -20.33]\n",
      " [-12.58 -16.48 -18.44 -18.44]\n",
      " [-18.39 -18.44 -16.52 -12.64]\n",
      " [-20.33 -18.44 -12.64   0.  ]] 39\n",
      "0.0561461192332 [[  0.   -12.61 -18.44 -20.39]\n",
      " [-12.61 -16.52 -18.48 -18.49]\n",
      " [-18.44 -18.48 -16.56 -12.67]\n",
      " [-20.39 -18.49 -12.67   0.  ]] 40\n",
      "0.0514405833598 [[  0.   -12.64 -18.49 -20.44]\n",
      " [-12.64 -16.56 -18.53 -18.53]\n",
      " [-18.49 -18.53 -16.6  -12.7 ]\n",
      " [-20.44 -18.53 -12.7    0.  ]] 41\n",
      "0.0471294125495 [[  0.   -12.67 -18.53 -20.48]\n",
      " [-12.67 -16.6  -18.57 -18.57]\n",
      " [-18.53 -18.57 -16.63 -12.73]\n",
      " [-20.48 -18.57 -12.73   0.  ]] 42\n",
      "0.0431795555606 [[  0.   -12.7  -18.57 -20.53]\n",
      " [-12.7  -16.63 -18.6  -18.61]\n",
      " [-18.57 -18.6  -16.66 -12.75]\n",
      " [-20.53 -18.61 -12.75   0.  ]] 43\n",
      "0.0395607311348 [[  0.   -12.73 -18.61 -20.57]\n",
      " [-12.73 -16.66 -18.64 -18.64]\n",
      " [-18.61 -18.64 -16.69 -12.77]\n",
      " [-20.57 -18.64 -12.77   0.  ]] 44\n",
      "0.0362451958478 [[  0.   -12.75 -18.64 -20.6 ]\n",
      " [-12.75 -16.69 -18.67 -18.67]\n",
      " [-18.64 -18.67 -16.72 -12.79]\n",
      " [-20.6  -18.67 -12.79   0.  ]] 45\n",
      "0.0332075314173 [[  0.   -12.77 -18.67 -20.64]\n",
      " [-12.77 -16.72 -18.69 -18.7 ]\n",
      " [-18.67 -18.69 -16.74 -12.81]\n",
      " [-20.64 -18.7  -12.81   0.  ]] 46\n",
      "0.0304244498349 [[  0.   -12.79 -18.7  -20.67]\n",
      " [-12.79 -16.74 -18.72 -18.72]\n",
      " [-18.7  -18.72 -16.76 -12.82]\n",
      " [-20.67 -18.72 -12.82   0.  ]] 47\n",
      "0.0278746148314 [[  0.   -12.81 -18.72 -20.7 ]\n",
      " [-12.81 -16.76 -18.74 -18.75]\n",
      " [-18.72 -18.74 -16.78 -12.84]\n",
      " [-20.7  -18.75 -12.84   0.  ]] 48\n",
      "0.0255384783033 [[  0.   -12.82 -18.75 -20.72]\n",
      " [-12.82 -16.78 -18.76 -18.77]\n",
      " [-18.75 -18.76 -16.8  -12.85]\n",
      " [-20.72 -18.77 -12.85   0.  ]] 49\n",
      "0.0233981304492 [[  0.   -12.84 -18.77 -20.74]\n",
      " [-12.84 -16.8  -18.78 -18.79]\n",
      " [-18.77 -18.78 -16.82 -12.86]\n",
      " [-20.74 -18.79 -12.86   0.  ]] 50\n",
      "0.0214371624659 [[  0.   -12.85 -18.79 -20.77]\n",
      " [-12.85 -16.82 -18.8  -18.8 ]\n",
      " [-18.79 -18.8  -16.83 -12.88]\n",
      " [-20.77 -18.8  -12.88   0.  ]] 51\n",
      "0.0196405407511 [[  0.   -12.86 -18.8  -20.79]\n",
      " [-12.86 -16.83 -18.82 -18.82]\n",
      " [-18.8  -18.82 -16.85 -12.89]\n",
      " [-20.79 -18.82 -12.89   0.  ]] 52\n",
      "0.0179944916502 [[  0.   -12.88 -18.82 -20.8 ]\n",
      " [-12.88 -16.85 -18.83 -18.84]\n",
      " [-18.82 -18.83 -16.86 -12.9 ]\n",
      " [-20.8  -18.84 -12.9    0.  ]] 53\n",
      "0.0164863958612 [[  0.   -12.89 -18.84 -20.82]\n",
      " [-12.89 -16.86 -18.85 -18.85]\n",
      " [-18.84 -18.85 -16.87 -12.9 ]\n",
      " [-20.82 -18.85 -12.9    0.  ]] 54\n",
      "0.0151046916898 [[  0.   -12.9  -18.85 -20.83]\n",
      " [-12.9  -16.87 -18.86 -18.86]\n",
      " [-18.85 -18.86 -16.88 -12.91]\n",
      " [-20.83 -18.86 -12.91   0.  ]] 55\n",
      "0.013838786413 [[  0.   -12.9  -18.86 -20.85]\n",
      " [-12.9  -16.88 -18.87 -18.87]\n",
      " [-18.86 -18.87 -16.89 -12.92]\n",
      " [-20.85 -18.87 -12.92   0.  ]] 56\n",
      "0.0126789750707 [[  0.   -12.91 -18.87 -20.86]\n",
      " [-12.91 -16.89 -18.88 -18.88]\n",
      " [-18.87 -18.88 -16.9  -12.93]\n",
      " [-20.86 -18.88 -12.93   0.  ]] 57\n",
      "0.0116163660632 [[  0.   -12.92 -18.88 -20.87]\n",
      " [-12.92 -16.9  -18.89 -18.89]\n",
      " [-18.88 -18.89 -16.91 -12.93]\n",
      " [-20.87 -18.89 -12.93   0.  ]] 58\n",
      "0.0106428129845 [[  0.   -12.93 -18.89 -20.88]\n",
      " [-12.93 -16.91 -18.9  -18.9 ]\n",
      " [-18.89 -18.9  -16.92 -12.94]\n",
      " [-20.88 -18.9  -12.94   0.  ]] 59\n",
      "0.0097508521691 [[  0.   -12.93 -18.9  -20.89]\n",
      " [-12.93 -16.92 -18.91 -18.91]\n",
      " [-18.9  -18.91 -16.92 -12.94]\n",
      " [-20.89 -18.91 -12.94   0.  ]] 60\n",
      "0.00893364547152 [[  0.   -12.94 -18.91 -20.9 ]\n",
      " [-12.94 -16.92 -18.92 -18.92]\n",
      " [-18.91 -18.92 -16.93 -12.95]\n",
      " [-20.9  -18.92 -12.95   0.  ]] 61\n",
      "0.0081849278429 [[  0.   -12.94 -18.92 -20.91]\n",
      " [-12.94 -16.93 -18.92 -18.93]\n",
      " [-18.92 -18.92 -16.94 -12.95]\n",
      " [-20.91 -18.93 -12.95   0.  ]] 62\n",
      "0.00749895930021 [[  0.   -12.95 -18.93 -20.92]\n",
      " [-12.95 -16.94 -18.93 -18.93]\n",
      " [-18.93 -18.93 -16.94 -12.96]\n",
      " [-20.92 -18.93 -12.96   0.  ]] 63\n",
      "0.00687048092123 [[  0.   -12.95 -18.93 -20.92]\n",
      " [-12.95 -16.94 -18.94 -18.94]\n",
      " [-18.93 -18.94 -16.95 -12.96]\n",
      " [-20.92 -18.94 -12.96   0.  ]] 64\n",
      "0.00629467452738 [[  0.   -12.96 -18.94 -20.93]\n",
      " [-12.96 -16.95 -18.94 -18.94]\n",
      " [-18.94 -18.94 -16.95 -12.96]\n",
      " [-20.93 -18.94 -12.96   0.  ]] 65\n",
      "0.00576712574563 [[  0.   -12.96 -18.94 -20.94]\n",
      " [-12.96 -16.95 -18.95 -18.95]\n",
      " [-18.94 -18.95 -16.96 -12.97]\n",
      " [-20.94 -18.95 -12.97   0.  ]] 66\n",
      "0.005283790166 [[  0.   -12.96 -18.95 -20.94]\n",
      " [-12.96 -16.96 -18.95 -18.95]\n",
      " [-18.95 -18.95 -16.96 -12.97]\n",
      " [-20.94 -18.95 -12.97   0.  ]] 67\n",
      "0.00484096233543 [[  0.   -12.97 -18.95 -20.95]\n",
      " [-12.97 -16.96 -18.96 -18.96]\n",
      " [-18.95 -18.96 -16.96 -12.97]\n",
      " [-20.95 -18.96 -12.97   0.  ]] 68\n",
      "0.00443524735025 [[  0.   -12.97 -18.96 -20.95]\n",
      " [-12.97 -16.96 -18.96 -18.96]\n",
      " [-18.96 -18.96 -16.97 -12.97]\n",
      " [-20.95 -18.96 -12.97   0.  ]] 69\n",
      "0.00406353482942 [[  0.   -12.97 -18.96 -20.96]\n",
      " [-12.97 -16.97 -18.96 -18.96]\n",
      " [-18.96 -18.96 -16.97 -12.98]\n",
      " [-20.96 -18.96 -12.98   0.  ]] 70\n",
      "0.00372297506902 [[  0.   -12.97 -18.96 -20.96]\n",
      " [-12.97 -16.97 -18.97 -18.97]\n",
      " [-18.96 -18.97 -16.97 -12.98]\n",
      " [-20.96 -18.97 -12.98   0.  ]] 71\n",
      "0.00341095719524 [[  0.   -12.98 -18.97 -20.96]\n",
      " [-12.98 -16.97 -18.97 -18.97]\n",
      " [-18.97 -18.97 -16.97 -12.98]\n",
      " [-20.96 -18.97 -12.98   0.  ]] 72\n",
      "0.00312508914835 [[  0.   -12.98 -18.97 -20.97]\n",
      " [-12.98 -16.97 -18.97 -18.97]\n",
      " [-18.97 -18.97 -16.98 -12.98]\n",
      " [-20.97 -18.97 -12.98   0.  ]] 73\n",
      "0.00286317934413 [[  0.   -12.98 -18.97 -20.97]\n",
      " [-12.98 -16.98 -18.97 -18.97]\n",
      " [-18.97 -18.97 -16.98 -12.98]\n",
      " [-20.97 -18.97 -12.98   0.  ]] 74\n",
      "0.00262321987231 [[  0.   -12.98 -18.97 -20.97]\n",
      " [-12.98 -16.98 -18.98 -18.98]\n",
      " [-18.97 -18.98 -16.98 -12.98]\n",
      " [-20.97 -18.98 -12.98   0.  ]] 75\n",
      "0.00240337110302 [[  0.   -12.98 -18.98 -20.97]\n",
      " [-12.98 -16.98 -18.98 -18.98]\n",
      " [-18.98 -18.98 -16.98 -12.99]\n",
      " [-20.97 -18.98 -12.99   0.  ]] 76\n",
      "0.0022019475835 [[  0.   -12.98 -18.98 -20.98]\n",
      " [-12.98 -16.98 -18.98 -18.98]\n",
      " [-18.98 -18.98 -16.98 -12.99]\n",
      " [-20.98 -18.98 -12.99   0.  ]] 77\n",
      "0.00201740511668 [[  0.   -12.99 -18.98 -20.98]\n",
      " [-12.99 -16.98 -18.98 -18.98]\n",
      " [-18.98 -18.98 -16.98 -12.99]\n",
      " [-20.98 -18.98 -12.99   0.  ]] 78\n",
      "0.00184832892267 [[  0.   -12.99 -18.98 -20.98]\n",
      " [-12.99 -16.98 -18.98 -18.98]\n",
      " [-18.98 -18.98 -16.99 -12.99]\n",
      " [-20.98 -18.98 -12.99   0.  ]] 79\n",
      "0.00169342279255 [[  0.   -12.99 -18.98 -20.98]\n",
      " [-12.99 -16.99 -18.98 -18.98]\n",
      " [-18.98 -18.98 -16.99 -12.99]\n",
      " [-20.98 -18.98 -12.99   0.  ]] 80\n",
      "0.00155149915101 [[  0.   -12.99 -18.98 -20.98]\n",
      " [-12.99 -16.99 -18.99 -18.99]\n",
      " [-18.98 -18.99 -16.99 -12.99]\n",
      " [-20.98 -18.99 -12.99   0.  ]] 81\n",
      "0.00142146995197 [[  0.   -12.99 -18.99 -20.98]\n",
      " [-12.99 -16.99 -18.99 -18.99]\n",
      " [-18.99 -18.99 -16.99 -12.99]\n",
      " [-20.98 -18.99 -12.99   0.  ]] 82\n",
      "0.00130233833712 [[  0.   -12.99 -18.99 -20.99]\n",
      " [-12.99 -16.99 -18.99 -18.99]\n",
      " [-18.99 -18.99 -16.99 -12.99]\n",
      " [-20.99 -18.99 -12.99   0.  ]] 83\n",
      "0.00119319099357 [[  0.   -12.99 -18.99 -20.99]\n",
      " [-12.99 -16.99 -18.99 -18.99]\n",
      " [-18.99 -18.99 -16.99 -12.99]\n",
      " [-20.99 -18.99 -12.99   0.  ]] 84\n",
      "0.00109319115207 [[  0.   -12.99 -18.99 -20.99]\n",
      " [-12.99 -16.99 -18.99 -18.99]\n",
      " [-18.99 -18.99 -16.99 -12.99]\n",
      " [-20.99 -18.99 -12.99   0.  ]] 85\n",
      "0.00100157217193 [[  0.   -12.99 -18.99 -20.99]\n",
      " [-12.99 -16.99 -18.99 -18.99]\n",
      " [-18.99 -18.99 -16.99 -12.99]\n",
      " [-20.99 -18.99 -12.99   0.  ]] 86\n",
      "0.000917631663668 [[  0.   -12.99 -18.99 -20.99]\n",
      " [-12.99 -16.99 -18.99 -18.99]\n",
      " [-18.99 -18.99 -16.99 -12.99]\n",
      " [-20.99 -18.99 -12.99   0.  ]] 87\n",
      "0.000840726104194 [[  0.   -12.99 -18.99 -20.99]\n",
      " [-12.99 -16.99 -18.99 -18.99]\n",
      " [-18.99 -18.99 -16.99 -13.  ]\n",
      " [-20.99 -18.99 -13.     0.  ]] 88\n",
      "0.000770265903252 [[  0.   -12.99 -18.99 -20.99]\n",
      " [-12.99 -16.99 -18.99 -18.99]\n",
      " [-18.99 -18.99 -16.99 -13.  ]\n",
      " [-20.99 -18.99 -13.     0.  ]] 89\n",
      "0.00070571088343 [[  0.   -13.   -18.99 -20.99]\n",
      " [-13.   -16.99 -18.99 -18.99]\n",
      " [-18.99 -18.99 -16.99 -13.  ]\n",
      " [-20.99 -18.99 -13.     0.  ]] 90\n",
      "0.000646566138897 [[  0.   -13.   -18.99 -20.99]\n",
      " [-13.   -16.99 -18.99 -18.99]\n",
      " [-18.99 -18.99 -16.99 -13.  ]\n",
      " [-20.99 -18.99 -13.     0.  ]] 91\n",
      "0.000592378241272 [[  0.   -13.   -18.99 -20.99]\n",
      " [-13.   -16.99 -18.99 -18.99]\n",
      " [-18.99 -18.99 -17.   -13.  ]\n",
      " [-20.99 -18.99 -13.     0.  ]] 92\n",
      "0.000542731763417 [[  0.   -13.   -18.99 -20.99]\n",
      " [-13.   -17.   -19.   -19.  ]\n",
      " [-18.99 -19.   -17.   -13.  ]\n",
      " [-20.99 -19.   -13.     0.  ]] 93\n",
      "0.000497246094639 [[  0.   -13.   -19.   -20.99]\n",
      " [-13.   -17.   -19.   -19.  ]\n",
      " [-19.   -19.   -17.   -13.  ]\n",
      " [-20.99 -19.   -13.     0.  ]] 94\n",
      "0.000455572522746 [[  0. -13. -19. -21.]\n",
      " [-13. -17. -19. -19.]\n",
      " [-19. -19. -17. -13.]\n",
      " [-21. -19. -13.   0.]] 95\n",
      "0.000417391560678 [[  0. -13. -19. -21.]\n",
      " [-13. -17. -19. -19.]\n",
      " [-19. -19. -17. -13.]\n",
      " [-21. -19. -13.   0.]] 96\n",
      "0.000382410497178 [[  0. -13. -19. -21.]\n",
      " [-13. -17. -19. -19.]\n",
      " [-19. -19. -17. -13.]\n",
      " [-21. -19. -13.   0.]] 97\n",
      "0.000350361152762 [[  0. -13. -19. -21.]\n",
      " [-13. -17. -19. -19.]\n",
      " [-19. -19. -17. -13.]\n",
      " [-21. -19. -13.   0.]] 98\n",
      "0.000320997823728 [[  0. -13. -19. -21.]\n",
      " [-13. -17. -19. -19.]\n",
      " [-19. -19. -17. -13.]\n",
      " [-21. -19. -13.   0.]] 99\n",
      "0.000294095398495 [[  0. -13. -19. -21.]\n",
      " [-13. -17. -19. -19.]\n",
      " [-19. -19. -17. -13.]\n",
      " [-21. -19. -13.   0.]] 100\n",
      "0.000269447631794 [[  0. -13. -19. -21.]\n",
      " [-13. -17. -19. -19.]\n",
      " [-19. -19. -17. -13.]\n",
      " [-21. -19. -13.   0.]] 101\n",
      "0.000246865563525 [[  0. -13. -19. -21.]\n",
      " [-13. -17. -19. -19.]\n",
      " [-19. -19. -17. -13.]\n",
      " [-21. -19. -13.   0.]] 102\n",
      "0.000226176070093 [[  0. -13. -19. -21.]\n",
      " [-13. -17. -19. -19.]\n",
      " [-19. -19. -17. -13.]\n",
      " [-21. -19. -13.   0.]] 103\n",
      "0.000207220537174 [[  0. -13. -19. -21.]\n",
      " [-13. -17. -19. -19.]\n",
      " [-19. -19. -17. -13.]\n",
      " [-21. -19. -13.   0.]] 104\n",
      "0.000189853643704 [[  0. -13. -19. -21.]\n",
      " [-13. -17. -19. -19.]\n",
      " [-19. -19. -17. -13.]\n",
      " [-21. -19. -13.   0.]] 105\n",
      "0.000173942247805 [[  0. -13. -19. -21.]\n",
      " [-13. -17. -19. -19.]\n",
      " [-19. -19. -17. -13.]\n",
      " [-21. -19. -13.   0.]] 106\n",
      "0.000159364366056 [[  0. -13. -19. -21.]\n",
      " [-13. -17. -19. -19.]\n",
      " [-19. -19. -17. -13.]\n",
      " [-21. -19. -13.   0.]] 107\n",
      "0.0001460082383 [[  0. -13. -19. -21.]\n",
      " [-13. -17. -19. -19.]\n",
      " [-19. -19. -17. -13.]\n",
      " [-21. -19. -13.   0.]] 108\n",
      "0.000133771470871 [[  0. -13. -19. -21.]\n",
      " [-13. -17. -19. -19.]\n",
      " [-19. -19. -17. -13.]\n",
      " [-21. -19. -13.   0.]] 109\n",
      "0.00012256025158 [[  0. -13. -19. -21.]\n",
      " [-13. -17. -19. -19.]\n",
      " [-19. -19. -17. -13.]\n",
      " [-21. -19. -13.   0.]] 110\n",
      "0.000112288630525 [[  0. -13. -19. -21.]\n",
      " [-13. -17. -19. -19.]\n",
      " [-19. -19. -17. -13.]\n",
      " [-21. -19. -13.   0.]] 111\n",
      "0.000102877861153 [[  0. -13. -19. -21.]\n",
      " [-13. -17. -19. -19.]\n",
      " [-19. -19. -17. -13.]\n",
      " [-21. -19. -13.   0.]] 112\n",
      "9.42557965686e-05 [[  0. -13. -19. -21.]\n",
      " [-13. -17. -19. -19.]\n",
      " [-19. -19. -17. -13.]\n",
      " [-21. -19. -13.   0.]] 113\n",
      "8.63563364071e-05 [[  0. -13. -19. -21.]\n",
      " [-13. -17. -19. -19.]\n",
      " [-19. -19. -17. -13.]\n",
      " [-21. -19. -13.   0.]] 114\n",
      "7.91189201017e-05 [[  0. -13. -19. -21.]\n",
      " [-13. -17. -19. -19.]\n",
      " [-19. -19. -17. -13.]\n",
      " [-21. -19. -13.   0.]] 115\n",
      "7.24880625818e-05 [[  0. -13. -19. -21.]\n",
      " [-13. -17. -19. -19.]\n",
      " [-19. -19. -17. -13.]\n",
      " [-21. -19. -13.   0.]] 116\n",
      "6.64129289234e-05 [[  0. -13. -19. -21.]\n",
      " [-13. -17. -19. -19.]\n",
      " [-19. -19. -17. -13.]\n",
      " [-21. -19. -13.   0.]] 117\n",
      "6.08469445993e-05 [[  0. -13. -19. -21.]\n",
      " [-13. -17. -19. -19.]\n",
      " [-19. -19. -17. -13.]\n",
      " [-21. -19. -13.   0.]] 118\n",
      "5.57474384451e-05 [[  0. -13. -19. -21.]\n",
      " [-13. -17. -19. -19.]\n",
      " [-19. -19. -17. -13.]\n",
      " [-21. -19. -13.   0.]] 119\n",
      "5.10753155076e-05 [[  0. -13. -19. -21.]\n",
      " [-13. -17. -19. -19.]\n",
      " [-19. -19. -17. -13.]\n",
      " [-21. -19. -13.   0.]] 120\n",
      "4.67947573384e-05 [[  0. -13. -19. -21.]\n",
      " [-13. -17. -19. -19.]\n",
      " [-19. -19. -17. -13.]\n",
      " [-21. -19. -13.   0.]] 121\n",
      "4.28729473825e-05 [[  0. -13. -19. -21.]\n",
      " [-13. -17. -19. -19.]\n",
      " [-19. -19. -17. -13.]\n",
      " [-21. -19. -13.   0.]] 122\n",
      "3.92798194042e-05 [[  0. -13. -19. -21.]\n",
      " [-13. -17. -19. -19.]\n",
      " [-19. -19. -17. -13.]\n",
      " [-21. -19. -13.   0.]] 123\n",
      "3.59878269762e-05 [[  0. -13. -19. -21.]\n",
      " [-13. -17. -19. -19.]\n",
      " [-19. -19. -17. -13.]\n",
      " [-21. -19. -13.   0.]] 124\n",
      "3.29717323098e-05 [[  0. -13. -19. -21.]\n",
      " [-13. -17. -19. -19.]\n",
      " [-19. -19. -17. -13.]\n",
      " [-21. -19. -13.   0.]] 125\n",
      "3.02084127526e-05 [[  0. -13. -19. -21.]\n",
      " [-13. -17. -19. -19.]\n",
      " [-19. -19. -17. -13.]\n",
      " [-21. -19. -13.   0.]] 126\n",
      "2.76766835441e-05 [[  0. -13. -19. -21.]\n",
      " [-13. -17. -19. -19.]\n",
      " [-19. -19. -17. -13.]\n",
      " [-21. -19. -13.   0.]] 127\n",
      "2.53571353923e-05 [[  0. -13. -19. -21.]\n",
      " [-13. -17. -19. -19.]\n",
      " [-19. -19. -17. -13.]\n",
      " [-21. -19. -13.   0.]] 128\n",
      "2.32319856579e-05 [[  0. -13. -19. -21.]\n",
      " [-13. -17. -19. -19.]\n",
      " [-19. -19. -17. -13.]\n",
      " [-21. -19. -13.   0.]] 129\n",
      "2.12849420613e-05 [[  0. -13. -19. -21.]\n",
      " [-13. -17. -19. -19.]\n",
      " [-19. -19. -17. -13.]\n",
      " [-21. -19. -13.   0.]] 130\n",
      "1.95010777482e-05 [[  0. -13. -19. -21.]\n",
      " [-13. -17. -19. -19.]\n",
      " [-19. -19. -17. -13.]\n",
      " [-21. -19. -13.   0.]] 131\n",
      "1.78667168669e-05 [[  0. -13. -19. -21.]\n",
      " [-13. -17. -19. -19.]\n",
      " [-19. -19. -17. -13.]\n",
      " [-21. -19. -13.   0.]] 132\n",
      "1.6369329721e-05 [[  0. -13. -19. -21.]\n",
      " [-13. -17. -19. -19.]\n",
      " [-19. -19. -17. -13.]\n",
      " [-21. -19. -13.   0.]] 133\n",
      "1.49974367183e-05 [[  0. -13. -19. -21.]\n",
      " [-13. -17. -19. -19.]\n",
      " [-19. -19. -17. -13.]\n",
      " [-21. -19. -13.   0.]] 134\n",
      "1.37405203482e-05 [[  0. -13. -19. -21.]\n",
      " [-13. -17. -19. -19.]\n",
      " [-19. -19. -17. -13.]\n",
      " [-21. -19. -13.   0.]] 135\n",
      "1.2588944557e-05 [[  0. -13. -19. -21.]\n",
      " [-13. -17. -19. -19.]\n",
      " [-19. -19. -17. -13.]\n",
      " [-21. -19. -13.   0.]] 136\n",
      "1.15338808975e-05 [[  0. -13. -19. -21.]\n",
      " [-13. -17. -19. -19.]\n",
      " [-19. -19. -17. -13.]\n",
      " [-21. -19. -13.   0.]] 137\n",
      "1.05672407997e-05 [[  0. -13. -19. -21.]\n",
      " [-13. -17. -19. -19.]\n",
      " [-19. -19. -17. -13.]\n",
      " [-21. -19. -13.   0.]] 138\n",
      "9.68161359083e-06 [[  0. -13. -19. -21.]\n",
      " [-13. -17. -19. -19.]\n",
      " [-19. -19. -17. -13.]\n",
      " [-21. -19. -13.   0.]] 139\n",
      "8.87020969031e-06 [[  0. -13. -19. -21.]\n",
      " [-13. -17. -19. -19.]\n",
      " [-19. -19. -17. -13.]\n",
      " [-21. -19. -13.   0.]] 140\n",
      "8.12680853812e-06 [[  0. -13. -19. -21.]\n",
      " [-13. -17. -19. -19.]\n",
      " [-19. -19. -17. -13.]\n",
      " [-21. -19. -13.   0.]] 141\n",
      "7.44571089939e-06 [[  0. -13. -19. -21.]\n",
      " [-13. -17. -19. -19.]\n",
      " [-19. -19. -17. -13.]\n",
      " [-21. -19. -13.   0.]] 142\n",
      "6.82169520516e-06 [[  0. -13. -19. -21.]\n",
      " [-13. -17. -19. -19.]\n",
      " [-19. -19. -17. -13.]\n",
      " [-21. -19. -13.   0.]] 143\n",
      "6.24997748133e-06 [[  0. -13. -19. -21.]\n",
      " [-13. -17. -19. -19.]\n",
      " [-19. -19. -17. -13.]\n",
      " [-21. -19. -13.   0.]] 144\n",
      "5.72617469885e-06 [[  0. -13. -19. -21.]\n",
      " [-13. -17. -19. -19.]\n",
      " [-19. -19. -17. -13.]\n",
      " [-21. -19. -13.   0.]] 145\n",
      "5.24627117926e-06 [[  0. -13. -19. -21.]\n",
      " [-13. -17. -19. -19.]\n",
      " [-19. -19. -17. -13.]\n",
      " [-21. -19. -13.   0.]] 146\n",
      "4.8065877678e-06 [[  0. -13. -19. -21.]\n",
      " [-13. -17. -19. -19.]\n",
      " [-19. -19. -17. -13.]\n",
      " [-21. -19. -13.   0.]] 147\n",
      "4.40375367106e-06 [[  0. -13. -19. -21.]\n",
      " [-13. -17. -19. -19.]\n",
      " [-19. -19. -17. -13.]\n",
      " [-21. -19. -13.   0.]] 148\n",
      "4.03468059318e-06 [[  0. -13. -19. -21.]\n",
      " [-13. -17. -19. -19.]\n",
      " [-19. -19. -17. -13.]\n",
      " [-21. -19. -13.   0.]] 149\n",
      "3.69653907484e-06 [[  0. -13. -19. -21.]\n",
      " [-13. -17. -19. -19.]\n",
      " [-19. -19. -17. -13.]\n",
      " [-21. -19. -13.   0.]] 150\n",
      "3.38673676836e-06 [[  0. -13. -19. -21.]\n",
      " [-13. -17. -19. -19.]\n",
      " [-19. -19. -17. -13.]\n",
      " [-21. -19. -13.   0.]] 151\n",
      "3.10289860295e-06 [[  0. -13. -19. -21.]\n",
      " [-13. -17. -19. -19.]\n",
      " [-19. -19. -17. -13.]\n",
      " [-21. -19. -13.   0.]] 152\n",
      "2.84284855923e-06 [[  0. -13. -19. -21.]\n",
      " [-13. -17. -19. -19.]\n",
      " [-19. -19. -17. -13.]\n",
      " [-21. -19. -13.   0.]] 153\n",
      "2.60459298573e-06 [[  0. -13. -19. -21.]\n",
      " [-13. -17. -19. -19.]\n",
      " [-19. -19. -17. -13.]\n",
      " [-21. -19. -13.   0.]] 154\n",
      "2.38630531157e-06 [[  0. -13. -19. -21.]\n",
      " [-13. -17. -19. -19.]\n",
      " [-19. -19. -17. -13.]\n",
      " [-21. -19. -13.   0.]] 155\n",
      "2.18631205584e-06 [[  0. -13. -19. -21.]\n",
      " [-13. -17. -19. -19.]\n",
      " [-19. -19. -17. -13.]\n",
      " [-21. -19. -13.   0.]] 156\n",
      "2.00307998455e-06 [[  0. -13. -19. -21.]\n",
      " [-13. -17. -19. -19.]\n",
      " [-19. -19. -17. -13.]\n",
      " [-21. -19. -13.   0.]] 157\n",
      "1.83520436181e-06 [[  0. -13. -19. -21.]\n",
      " [-13. -17. -19. -19.]\n",
      " [-19. -19. -17. -13.]\n",
      " [-21. -19. -13.   0.]] 158\n",
      "1.68139818157e-06 [[  0. -13. -19. -21.]\n",
      " [-13. -17. -19. -19.]\n",
      " [-19. -19. -17. -13.]\n",
      " [-21. -19. -13.   0.]] 159\n",
      "1.54048230883e-06 [[  0. -13. -19. -21.]\n",
      " [-13. -17. -19. -19.]\n",
      " [-19. -19. -17. -13.]\n",
      " [-21. -19. -13.   0.]] 160\n",
      "1.41137641663e-06 [[  0. -13. -19. -21.]\n",
      " [-13. -17. -19. -19.]\n",
      " [-19. -19. -17. -13.]\n",
      " [-21. -19. -13.   0.]] 161\n",
      "1.2930907296e-06 [[  0. -13. -19. -21.]\n",
      " [-13. -17. -19. -19.]\n",
      " [-19. -19. -17. -13.]\n",
      " [-21. -19. -13.   0.]] 162\n",
      "1.18471841759e-06 [[  0. -13. -19. -21.]\n",
      " [-13. -17. -19. -19.]\n",
      " [-19. -19. -17. -13.]\n",
      " [-21. -19. -13.   0.]] 163\n",
      "1.08542865007e-06 [[  0. -13. -19. -21.]\n",
      " [-13. -17. -19. -19.]\n",
      " [-19. -19. -17. -13.]\n",
      " [-21. -19. -13.   0.]] 164\n",
      "9.94460236825e-07 [[  0. -13. -19. -21.]\n",
      " [-13. -17. -19. -19.]\n",
      " [-19. -19. -17. -13.]\n",
      " [-21. -19. -13.   0.]] 165\n"
     ]
    }
   ],
   "source": [
    "#THIS FUNCTION RETURNS THE DELTA (THE MAX VALUE CHANGE BETWEEN ITERATION TO ITERATION)\n",
    "    # THE ITERATION NUMBER\n",
    "    # AND THE VALUE MATRIX FROM EACH ITERATION\n",
    "import numpy as np\n",
    "gamma = 1\n",
    "\n",
    "sideL = 4\n",
    "nGrids = sideL**2\n",
    "\n",
    "#An array to hold the values of the state-value function\n",
    "V = np.zeros((sideL,sideL))\n",
    "\n",
    "\n",
    "#Some parameters for convergence\n",
    "MAX_N_ITERS = 1000\n",
    "iterCnt = 0\n",
    "CONV_TOL = 0.000001\n",
    "delta = 0.00001\n",
    "\n",
    "#let transition probability be uniform across gridspace\n",
    "pol_pi = 0.25\n",
    "\n",
    "#while(iterCnt <=20):\n",
    "while(delta > CONV_TOL and iterCnt<=MAX_N_ITERS):\n",
    "    #while delta > CONV_TOL and itercnt<=MAX_N_ITERS:\n",
    "    delta = 0\n",
    "    for ii in range(0,sideL):\n",
    "        for jj in range(0,sideL):\n",
    "            if (ii == 0 and jj == 0) or (ii == sideL-1 and jj == sideL-1 ):\n",
    "                continue\n",
    "        \n",
    "            v = V[ii,jj]\n",
    "            v_tmp = 0\n",
    "    \n",
    "            #action: UP\n",
    "            if ii == 0: # state is on the top row, action does not change position\n",
    "                v_tmp = v_tmp + pol_pi*(-1 + gamma*V[ii,jj])\n",
    "            elif ii == 1 and jj == 0:\n",
    "                v_tmp = v_tmp + pol_pi*(0 + gamma*V[ii-1,jj])\n",
    "            else:\n",
    "                v_tmp = v_tmp + pol_pi*(-1 + gamma*V[ii-1,jj])\n",
    "        \n",
    "            #action: DOWN\n",
    "            if ii == sideL - 1: #state is on the bottom row, action does not change position\n",
    "                v_tmp = v_tmp + pol_pi*(-1 + gamma*V[ii,jj])\n",
    "            elif ii == sideL - 2 and jj == sideL -1:\n",
    "                v_tmp = v_tmp + pol_pi*(0 + gamma*V[ii+1,jj])\n",
    "            else:\n",
    "                v_tmp = v_tmp + pol_pi*(-1 + gamma*V[ii+1,jj])\n",
    "            \n",
    "            #action: RIGHT\n",
    "            if jj == sideL -1: #state is in the rightmost column, action does not change position\n",
    "                v_tmp = v_tmp + pol_pi*(-1 + gamma*V[ii,jj])\n",
    "            elif ii == sideL - 1 and jj == sideL - 2:\n",
    "                v_tmp = v_tmp + pol_pi*(0 + gamma*V[ii,jj+1])\n",
    "            else:\n",
    "                v_tmp = v_tmp + pol_pi*(-1 + gamma*V[ii,jj+1])\n",
    "        \n",
    "            #action: LEFT\n",
    "            if jj == 0: #state is in the leftmost column, action does not change position\n",
    "                v_tmp = v_tmp +pol_pi*(-1 + gamma*V[ii,jj])\n",
    "            elif jj ==1 and ii == 0:\n",
    "                v_tmp = v_tmp + pol_pi*(0 + gamma*V[ii,jj-1])\n",
    "            else:\n",
    "                v_tmp = v_tmp + pol_pi*(-1 + gamma*V[ii,jj-1])\n",
    "        \n",
    "            V[ii,jj] = v_tmp\n",
    "            delta = max(delta,abs(v-V[ii,jj]))\n",
    "    print(delta,(V*10).round(1)/10,iterCnt)\n",
    "    iterCnt+=1\n"
   ]
  },
  {
   "cell_type": "code",
   "execution_count": null,
   "metadata": {
    "collapsed": true
   },
   "outputs": [],
   "source": [
    "#Reference: http://waxworksmath.com/Authors/N_Z/Sutton/Code/Chapter_4/iter_poly_gw_inplace.mttp://waxworksmath.com/Authors/N_Z/Sutton/Code/Chapter_4/gam_Script.m"
   ]
  }
 ],
 "metadata": {
  "kernelspec": {
   "display_name": "Python 3",
   "language": "python",
   "name": "python3"
  },
  "language_info": {
   "codemirror_mode": {
    "name": "ipython",
    "version": 3
   },
   "file_extension": ".py",
   "mimetype": "text/x-python",
   "name": "python",
   "nbconvert_exporter": "python",
   "pygments_lexer": "ipython3",
   "version": "3.4.3"
  }
 },
 "nbformat": 4,
 "nbformat_minor": 0
}
